# EMerald Generated Color Map Export File for /Users/bbloss/EMeraldCodes/disco-tif/example_data/E020N40/E020N40.tif
INTERPOLATION:INTERPOLATED
-28,0,0,255,255,-28
-18,0,91,255,255,-18
-9,0,183,255,255,-9
0,1,254,253,255,0
10,2,253,249,255,10
20,4,252,244,255,20
30,5,250,240,255,30
40,7,249,235,255,40
50,8,248,231,255,50
60,10,247,226,255,60
70,11,245,221,255,70
80,13,244,217,255,80
90,14,243,212,255,90
100,16,242,208,255,100
110,17,240,203,255,110
120,19,239,199,255,120
130,20,238,194,255,130
141,22,237,189,255,141
151,23,235,185,255,151
161,24,234,180,255,161
171,26,233,176,255,171
181,27,231,171,255,181
191,29,230,167,255,191
201,30,229,162,255,201
211,32,228,157,255,211
221,33,226,153,255,221
231,35,225,148,255,231
241,36,224,144,255,241
251,38,223,139,255,251
261,39,221,135,255,261
271,41,220,130,255,271
282,42,219,125,255,282
292,44,218,121,255,292
302,45,216,116,255,302
312,47,215,112,255,312
322,48,214,107,255,322
332,50,213,103,255,332
342,51,211,98,255,342
352,52,210,93,255,352
362,54,209,89,255,362
372,55,207,84,255,372
382,57,206,80,255,382
392,58,205,75,255,392
402,60,204,71,255,402
412,61,202,66,255,412
423,63,201,63,255,423
433,68,200,65,255,433
443,72,199,67,255,443
453,76,198,69,255,453
463,80,196,71,255,463
473,85,195,74,255,473
483,89,194,76,255,483
493,93,193,78,255,493
503,97,192,80,255,503
513,101,191,82,255,513
523,106,189,84,255,523
534,110,188,86,255,534
544,114,187,88,255,544
554,118,186,90,255,554
564,123,185,93,255,564
574,127,183,95,255,574
584,131,182,97,255,584
594,135,181,99,255,594
604,140,180,101,255,604
614,144,179,103,255,614
624,148,177,105,255,624
635,152,176,107,255,635
645,156,175,109,255,645
655,161,174,112,255,655
665,165,173,114,255,665
675,169,172,116,255,675
685,173,170,118,255,685
695,178,169,120,255,695
705,182,168,122,255,705
715,186,167,124,255,715
725,190,166,126,255,725
735,194,164,128,255,735
746,199,163,131,255,746
756,203,162,133,255,756
766,207,161,135,255,766
776,211,160,137,255,776
786,216,158,139,255,786
796,220,157,141,255,796
806,224,156,143,255,806
816,228,155,145,255,816
826,233,154,148,255,826
836,237,153,150,255,836
847,240,152,151,255,847
857,240,152,147,255,857
867,240,153,144,255,867
877,239,153,140,255,877
887,239,154,137,255,887
897,238,155,133,255,897
907,238,155,129,255,907
917,237,156,126,255,917
927,237,157,122,255,927
937,236,157,119,255,937
947,236,158,115,255,947
957,235,158,112,255,957
967,235,159,108,255,967
977,235,160,104,255,977
988,234,160,101,255,988
998,234,161,97,255,998
1008,233,161,94,255,1008
1018,233,162,90,255,1018
1028,232,163,86,255,1028
1038,232,163,83,255,1038
1048,231,164,79,255,1048
1058,231,165,76,255,1058
1068,231,165,72,255,1068
1078,230,166,68,255,1078
1088,230,166,65,255,1088
1098,229,167,61,255,1098
1108,229,168,58,255,1108
1118,228,168,54,255,1118
1129,228,169,50,255,1129
1139,227,170,47,255,1139
1149,227,170,43,255,1149
1159,227,171,40,255,1159
1169,226,171,36,255,1169
1179,226,172,32,255,1179
1189,225,173,29,255,1189
1199,225,173,25,255,1199
1209,224,174,22,255,1209
1219,224,174,18,255,1219
1229,223,175,15,255,1229
1239,223,176,11,255,1239
1249,222,176,7,255,1249
1259,222,177,4,255,1259
1270,221,177,1,255,1270
1280,219,176,3,255,1280
1290,217,174,5,255,1290
1300,215,172,6,255,1300
1310,213,170,8,255,1310
1320,211,168,10,255,1320
1330,209,166,12,255,1330
1340,207,165,14,255,1340
1350,205,163,16,255,1350
1360,203,161,18,255,1360
1370,201,159,20,255,1370
1380,199,157,22,255,1380
1390,197,156,24,255,1390
1400,195,154,25,255,1400
1411,193,152,27,255,1411
1421,191,150,29,255,1421
1431,189,148,31,255,1431
1441,187,147,33,255,1441
1451,185,145,35,255,1451
1461,183,143,37,255,1461
1471,181,141,39,255,1471
1481,179,139,41,255,1481
1491,177,138,43,255,1491
1501,175,136,45,255,1501
1511,173,134,46,255,1511
1521,171,132,48,255,1521
1531,169,130,50,255,1531
1541,167,128,52,255,1541
1552,165,127,54,255,1552
1562,163,125,56,255,1562
1572,161,123,58,255,1572
1582,159,121,60,255,1582
1592,157,119,62,255,1592
1602,154,118,64,255,1602
1612,152,116,66,255,1612
1622,150,114,67,255,1622
1632,148,112,69,255,1632
1642,146,110,71,255,1642
1652,144,109,73,255,1652
1662,142,107,75,255,1662
1672,140,105,77,255,1672
1682,138,103,79,255,1682
1693,137,102,81,255,1693
1703,139,104,85,255,1703
1713,142,106,89,255,1713
1723,144,108,93,255,1723
1733,147,110,98,255,1733
1743,149,112,102,255,1743
1753,152,114,106,255,1753
1763,154,117,110,255,1763
1773,156,119,114,255,1773
1783,159,121,118,255,1783
1793,161,123,122,255,1793
1804,164,125,126,255,1804
1814,166,127,131,255,1814
1824,169,129,135,255,1824
1834,171,131,139,255,1834
1844,174,133,143,255,1844
1854,176,136,147,255,1854
1864,179,138,151,255,1864
1874,181,140,155,255,1874
1884,184,142,159,255,1884
1894,186,144,164,255,1894
1905,189,146,168,255,1905
1915,191,148,172,255,1915
1925,194,150,176,255,1925
1935,196,152,180,255,1935
1945,198,155,184,255,1945
1955,201,157,188,255,1955
1965,203,159,193,255,1965
1975,206,161,197,255,1975
1985,208,163,201,255,1985
1995,211,165,205,255,1995
2005,213,167,209,255,2005
2016,216,169,213,255,2016
2026,218,171,217,255,2026
2036,221,174,221,255,2036
2046,223,176,226,255,2046
2056,226,178,230,255,2056
2066,228,180,234,255,2066
2076,231,182,238,255,2076
2086,233,184,242,255,2086
2096,236,186,246,255,2096
2106,238,188,250,255,2106
2117,240,190,254,255,2117
2127,241,192,254,255,2127
2137,241,193,254,255,2137
2147,241,195,254,255,2147
2157,242,196,254,255,2157
2167,242,198,254,255,2167
2177,242,199,254,255,2177
2187,243,200,254,255,2187
2197,243,202,254,255,2197
2207,243,203,254,255,2207
2217,244,205,254,255,2217
2227,244,206,254,255,2227
2237,244,207,254,255,2237
2247,245,209,254,255,2247
2258,245,210,253,255,2258
2268,245,212,253,255,2268
2278,246,213,253,255,2278
2288,246,214,253,255,2288
2298,246,216,253,255,2298
2308,247,217,253,255,2308
2318,247,219,253,255,2318
2328,247,220,253,255,2328
2338,248,221,253,255,2338
2348,248,223,253,255,2348
2358,248,224,253,255,2358
2368,249,226,253,255,2368
2378,249,227,253,255,2378
2388,249,228,253,255,2388
2399,250,230,252,255,2399
2409,250,231,252,255,2409
2419,250,233,252,255,2419
2429,251,234,252,255,2429
2439,251,235,252,255,2439
2449,251,237,252,255,2449
2459,252,238,252,255,2459
2469,252,240,252,255,2469
2479,252,241,252,255,2479
2489,253,242,252,255,2489
2499,253,244,252,255,2499
2509,253,245,252,255,2509
2519,254,247,252,255,2519
2529,254,248,252,255,2529
2540,255,249,251,255,2540
