# EMerald Generated Color Map Export File for /Users/bbloss/EMeraldCodes/disco-tif/example_data/E020N40/E020N40.tif
INTERPOLATION:INTERPOLATED
-28,0,0,255,255,-28
-18,0,91,255,255,-18
-9,0,183,255,255,-9
0,1,254,253,255,0
10,4,252,245,255,10
20,6,250,237,255,20
30,9,248,229,255,30
41,11,245,221,255,41
51,14,243,213,255,51
61,16,241,206,255,61
71,19,239,198,255,71
82,21,237,190,255,82
92,24,234,182,255,92
102,26,232,174,255,102
112,29,230,166,255,112
123,32,228,158,255,123
133,34,226,151,255,133
143,37,224,143,255,143
153,39,221,135,255,153
164,42,219,127,255,164
174,44,217,119,255,174
184,47,215,111,255,184
194,49,213,103,255,194
205,52,211,96,255,205
215,54,208,88,255,215
225,57,206,80,255,225
235,59,204,72,255,235
246,62,202,64,255,246
256,70,199,66,255,256
266,79,197,71,255,266
276,89,194,76,255,276
286,98,191,80,255,286
296,108,189,85,255,296
306,117,186,90,255,306
316,127,183,95,255,316
326,136,181,99,255,326
336,145,178,104,255,336
346,155,176,109,255,346
356,164,173,113,255,356
366,174,170,118,255,366
376,183,168,123,255,376
386,193,165,128,255,386
396,202,162,132,255,396
406,211,160,137,255,406
416,221,157,142,255,416
426,230,154,146,255,426
436,240,152,151,255,436
445,239,153,143,255,445
455,238,154,134,255,455
465,237,156,125,255,465
475,236,158,116,255,475
485,235,159,107,255,485
494,234,161,98,255,494
504,233,162,88,255,504
514,231,164,79,255,514
524,230,165,70,255,524
534,229,167,61,255,534
544,228,169,52,255,544
553,227,170,43,255,553
563,226,172,34,255,563
573,225,173,25,255,573
583,223,175,16,255,583
593,222,176,6,255,593
603,220,176,2,255,603
613,217,173,5,255,613
623,213,170,9,255,623
633,209,167,12,255,633
643,206,163,16,255,643
653,202,160,19,255,653
664,198,157,22,255,664
674,195,153,26,255,674
684,191,150,29,255,684
694,187,147,33,255,694
704,184,144,36,255,704
714,180,140,40,255,714
725,176,137,43,255,725
735,173,134,47,255,735
745,169,131,50,255,745
755,165,127,53,255,755
765,162,124,57,255,765
775,158,121,60,255,775
786,154,117,64,255,786
796,151,114,67,255,796
806,147,111,71,255,806
816,143,108,74,255,816
826,140,104,78,255,826
837,137,102,81,255,837
847,140,104,86,255,847
857,142,107,90,255,857
867,145,109,95,255,867
877,148,111,100,255,877
887,151,114,104,255,887
897,153,116,109,255,897
908,156,118,114,255,908
918,159,121,118,255,918
928,162,123,123,255,928
938,165,126,128,255,938
948,167,128,132,255,948
958,170,130,137,255,958
969,173,133,142,255,969
979,176,135,146,255,979
989,179,138,151,255,989
999,181,140,156,255,999
1009,184,142,160,255,1009
1019,187,145,165,255,1019
1030,190,147,170,255,1030
1040,192,149,174,255,1040
1050,195,152,179,255,1050
1060,198,154,184,255,1060
1070,201,157,188,255,1070
1080,204,159,193,255,1080
1091,206,161,198,255,1091
1101,209,164,202,255,1101
1111,212,166,207,255,1111
1121,215,168,211,255,1121
1131,218,171,216,255,1131
1141,220,173,221,255,1141
1152,223,176,225,255,1152
1162,226,178,230,255,1162
1172,229,180,235,255,1172
1182,231,183,239,255,1182
1192,234,185,244,255,1192
1202,237,188,249,255,1202
1213,240,190,253,255,1213
1223,241,191,254,255,1223
1233,241,191,254,255,1233
1243,241,192,254,255,1243
1253,241,192,254,255,1253
1263,241,193,254,255,1263
1273,241,193,254,255,1273
1283,241,194,254,255,1283
1293,241,194,254,255,1293
1303,241,194,254,255,1303
1313,242,195,254,255,1313
1323,242,195,254,255,1323
1333,242,196,254,255,1333
1343,242,196,254,255,1343
1353,242,197,254,255,1353
1363,242,197,254,255,1363
1373,242,198,254,255,1373
1383,242,198,254,255,1383
1393,242,198,254,255,1393
1404,242,199,254,255,1404
1414,243,199,254,255,1414
1424,243,200,254,255,1424
1434,243,200,254,255,1434
1444,243,201,254,255,1444
1454,243,201,254,255,1454
1464,243,202,254,255,1464
1474,243,202,254,255,1474
1484,243,202,254,255,1484
1494,243,203,254,255,1494
1504,244,203,254,255,1504
1514,244,204,254,255,1514
1524,244,204,254,255,1524
1534,244,205,254,255,1534
1544,244,205,254,255,1544
1554,244,206,254,255,1554
1564,244,206,254,255,1564
1574,244,206,254,255,1574
1584,244,207,254,255,1584
1595,244,207,254,255,1595
1605,245,208,254,255,1605
1615,245,208,254,255,1615
1625,245,209,254,255,1625
1635,245,209,254,255,1635
1645,245,210,254,255,1645
1655,245,210,253,255,1655
1665,245,211,253,255,1665
1675,245,211,253,255,1675
1685,245,211,253,255,1685
1695,246,212,253,255,1695
1705,246,212,253,255,1705
1715,246,213,253,255,1715
1725,246,213,253,255,1725
1735,246,214,253,255,1735
1745,246,214,253,255,1745
1755,246,215,253,255,1755
1765,246,215,253,255,1765
1775,246,215,253,255,1775
1786,247,216,253,255,1786
1796,247,216,253,255,1796
1806,247,217,253,255,1806
1816,247,217,253,255,1816
1826,247,218,253,255,1826
1836,247,218,253,255,1836
1846,247,219,253,255,1846
1856,247,219,253,255,1856
1866,247,219,253,255,1866
1876,247,220,253,255,1876
1886,248,220,253,255,1886
1896,248,221,253,255,1896
1906,248,221,253,255,1906
1916,248,222,253,255,1916
1926,248,222,253,255,1926
1936,248,223,253,255,1936
1946,248,223,253,255,1946
1956,248,223,253,255,1956
1966,248,224,253,255,1966
1977,249,224,253,255,1977
1987,249,225,253,255,1987
1997,249,225,253,255,1997
2007,249,226,253,255,2007
2017,249,226,253,255,2017
2027,249,227,253,255,2027
2037,249,227,253,255,2037
2047,249,227,253,255,2047
2057,249,228,253,255,2057
2067,249,228,253,255,2067
2077,250,229,253,255,2077
2087,250,229,252,255,2087
2097,250,230,252,255,2097
2107,250,230,252,255,2107
2117,250,231,252,255,2117
2127,250,231,252,255,2127
2137,250,232,252,255,2137
2147,250,232,252,255,2147
2157,250,232,252,255,2157
2168,251,233,252,255,2168
2178,251,233,252,255,2178
2188,251,234,252,255,2188
2198,251,234,252,255,2198
2208,251,235,252,255,2208
2218,251,235,252,255,2218
2228,251,236,252,255,2228
2238,251,236,252,255,2238
2248,251,236,252,255,2248
2258,252,237,252,255,2258
2268,252,237,252,255,2268
2278,252,238,252,255,2278
2288,252,238,252,255,2288
2298,252,239,252,255,2298
2308,252,239,252,255,2308
2318,252,240,252,255,2318
2328,252,240,252,255,2328
2338,252,240,252,255,2338
2348,252,241,252,255,2348
2359,253,241,252,255,2359
2369,253,242,252,255,2369
2379,253,242,252,255,2379
2389,253,243,252,255,2389
2399,253,243,252,255,2399
2409,253,244,252,255,2409
2419,253,244,252,255,2419
2429,253,244,252,255,2429
2439,253,245,252,255,2439
2449,254,245,252,255,2449
2459,254,246,252,255,2459
2469,254,246,252,255,2469
2479,254,247,252,255,2479
2489,254,247,252,255,2489
2499,254,248,252,255,2499
2509,254,248,252,255,2509
2519,254,249,251,255,2519
2529,254,249,251,255,2529
2540,255,249,251,255,2540
